Simulation started :                      0 
00010000000000000000000000000000                88620 
00010000000000000000000000000000                88640 
00010000000000000000000000000000                88660 
00010000000000000000000000000000                88670 
00010000000000000000000000000000                88680 
00010000000000000000000000000000                88690 
00010000000000000000000000000000                88710 
00010000000000000000000000000000                88730 
00010000000000000000000000000000                88750 
00010000000000000001000000010000                89030 
00010000000000000001000000010000                89050 
00010000000000000001000000010000                89070 
00010000000000000001100110100101                89080 
00010000000000000001000000010000                89090 
00010000000000000001100111001011                89100 
00010000000000000001100111001011                89120 
00010000000000000001001010100000                89140 
00010000000000000001001111000000                89160 
00010000000000000000000000000000                89440 
00010000000000000000000000000000                89460 
00010000000000000000000000000000                89480 
00010000000000000000000000000000                89530 
00010000000000000000000000000000                89550 
00010000000000000000000000000000                89570 
00010000000000000000000000000000                90480 
00010000000000000000000000000000                90500 
00010000000000000000000000000000                90530 
00010000000000000000000000000000                90550 
00010000000000000000000000000000                90570 
00010000000000000001000000010000                90900 
00010000000000000001000000010000                90920 
00010000000000000001100110100101                90950 
00010000000000000001100111001011                90970 
00010000000000000001001111000000                90990 
00010000000000000000000000000000                91320 
00010000000000000000000000000000                91350 
00010000000000000000010000000000                95420 
00010000000000000000010000000000                95440 
00010000000000000000010000000000                95450 
00010000000000000000010000000000                95470 
00010000000000000001000101010000                96370 
00010000000000000001001111110000                96390 
00010000000000000000010000000000               216850 
00010000000000000000010000000000               216870 
00010000000000000001000101010000               217430 
00010000000000000001001111110000               217450 
00010000000000000000010000000000               336990 
00010000000000000000000000000000               337010 
00010000000000000000010000000000               337020 
00010000000000000000000000000000               337030 
00010000000000000000000000000000               337040 
00010000000000000000000000000000               337070 
00010000000000000000000000000000               448690 
00010000000000000000000000000000               448720 
00010000000000000000000000000000               448740 
00010000000000000000000000000000               502410 
00010000000000000000000000000000               502430 
Simulation started :                      0 
0001xxxxxxxxxxxxxxx1000000000000                88620 
0001xxxxxxxxxxxxxxx1000000000000                88640 
0001xxxxxxxxxxxxxxx1000000000000                88660 
00011100011111100101000001000100                88670 
0001xxxxxxxxxxxxxxx1000000000000                88680 
00011100011111100101000001000100                88690 
00011100011111100101000001000100                88710 
00011011011110100111001010000000                88730 
00011011010110101111001111000000                88750 
0001xxxxxxxxxxxxxxx1000000010000                89030 
0001xxxxxxxxxxxxxxx1000000010000                89050 
0001xxxxxxxxxxxxxxx1000000010000                89070 
00011100111010010001000001100101                89080 
0001xxxxxxxxxxxxxxx1000000010000                89090 
00011100111010010001000001100101                89100 
00011100111010010001000001100101                89120 
00010101010010000111001010100000                89140 
00010110111111001011001111000000                89160 
0001xxxxxxxxxxxxxxx1000000000000                89440 
0001xxxxxxxxxxxxxxx1000000000000                89460 
0001xxxxxxxxxxxxxxx1000000000000                89480 
00010010001111000111000001000100                89530 
00010010001111000111000001000100                89550 
00011000110011101011001010000000                89570 
0001xxxxxxxxxxxxxxx1000000000000                90480 
0001xxxxxxxxxxxxxxx1000000000000                90500 
00011011011110100111001010000000                90530 
00011011010110101111001111000000                90550 
00011011010110101111001111000000                90570 
0001xxxxxxxxxxxxxxx1000000010000                90900 
0001xxxxxxxxxxxxxxx1000000010000                90920 
00011100111010010001000001100101                90950 
00010101010010000111001010100000                90970 
00010110111111001011001111000000                90990 
0001xxxxxxxxxxxxxxx1000000000000                91320 
00011000110011101011001010000000                91350 
00011011011110100111001010000000                95430 
00011011010110101111001111000000                95450 
00011000110011101011001010000000                95470 
00010101010010000111001010100000                96380 
00010110111111001011001111000000                96400 
00011000110011101011001010000000               216860 
00010101010010000111001010100000               217440 
00010110111111001011001111000000               217460 
0001xxxxxxxxxxxxxxx1001011000100               336990 
00011000110011101011001001001100               337020 
0001xxxxxxxxxxxxxxx1000000000000               337040 
00011000110011101011001010000000               337070 
0001xxxxxxxxxxxxxxx1001010000000               448690 
00011011010110101111001101001000               448720 
00011000110011101011001001001100               448730 
00011000110011101011001000001000               502420 
Simulation started :                      0 
Simulation started :                      0 
Simulation started :                      0 
Simulation started :                      0 
Simulation started :                      0 
Simulation started :                      0 
Simulation started :                      0 
Simulation started :                      0 
Simulation started :                      0 
Simulation started :                      0 
Simulation started :                      0 
Simulation started :                      0 
Simulation started :                      0 
Simulation started :                      0 
Simulation started :                      0 
Simulation started :                      0 
Simulation started :                      0 
Simulation started :                      0 
Simulation started :                      0 
Simulation started :                      0 
